258
1     1     2     69    68   
2     2     3     70    69   
3     3     4     71    70   
4     4     5     72    71   
5     5     6     73    72   
6     6     7     74    73   
7     7     8     75    74   
8     8     9     76    75   
9     9     10    77    76   
10    10    11    78    77   
11    78    11    12    13   
12    13    14    79    78   
13    14    15    80    79   
14    15    16    81    80   
15    16    17    82    81   
16    17    18    83    82   
17    18    19    84    83   
18    19    20    85    84   
19    20    21    86    85   
20    21    22    87    86   
21    22    23    88    87   
22    23    24    89    88   
23    24    25    90    89   
24    25    26    91    90   
25    26    27    92    91   
26    27    28    93    92   
27    28    29    94    93   
28    94    29    30    31   
29    31    32    95    94   
30    32    33    96    95   
31    33    34    97    96   
32    34    35    98    97   
33    35    36    99    98   
34    36    37    100   99   
35    37    38    101   100  
36    38    39    102   101  
37    102   39    40    41   
38    41    42    103   102  
39    42    43    104   103  
40    43    44    105   104  
41    44    45    106   105  
42    45    46    107   106  
43    46    47    108   107  
44    47    48    109   108  
45    48    49    110   109  
46    110   49    50    51   
47    51    52    111   110  
48    52    53    112   111  
49    53    54    113   112  
50    54    55    114   113  
51    55    56    115   114  
52    56    57    116   115  
53    57    58    117   116  
54    58    59    118   117  
55    59    60    119   118  
56    60    61    120   119  
57    61    62    121   120  
58    62    63    122   121  
59    63    64    123   122  
60    64    65    124   123  
61    65    66    125   124  
62    66    67    126   125  
63    126   67    68    69   
64    69    70    127   126  
65    70    71    128   127  
66    71    72    129   128  
67    72    73    130   129  
68    73    74    131   130  
69    74    75    132   131  
70    75    76    133   132  
71    76    77    134   133  
72    134   77    78    79   
73    79    80    135   134  
74    80    81    136   135  
75    81    82    137   136  
76    82    83    138   137  
77    83    84    139   138  
78    84    85    140   139  
79    85    86    141   140  
80    86    87    142   141  
81    87    88    143   142  
82    88    89    144   143  
83    89    90    145   144  
84    90    91    146   145  
85    91    92    147   146  
86    92    93    148   147  
87    148   93    94    95   
88    95    96    149   148  
89    96    97    150   149  
90    97    98    151   150  
91    98    99    152   151  
92    99    100   153   152  
93    100   101   154   153  
94    154   101   102   103  
95    103   104   155   154  
96    104   105   156   155  
97    105   106   157   156  
98    106   107   158   157  
99    107   108   159   158  
100   108   109   160   159  
101   160   109   110   111  
102   111   112   161   160  
103   112   113   162   161  
104   113   114   163   162  
105   114   115   164   163  
106   115   116   165   164  
107   116   117   166   165  
108   117   118   167   166  
109   118   119   168   167  
110   119   120   169   168  
111   120   121   170   169  
112   121   122   171   170  
113   122   123   172   171  
114   123   124   173   172  
115   124   125   174   173  
116   174   125   126   127  
117   127   128   175   174  
118   128   129   176   175  
119   129   130   177   176  
120   130   131   178   177  
121   131   132   179   178  
122   132   133   180   179  
123   180   133   134   135  
124   135   136   181   180  
125   136   137   182   181  
126   137   138   183   182  
127   138   139   184   183  
128   139   140   185   184  
129   140   141   186   185  
130   141   142   187   186  
131   142   143   188   187  
132   143   144   189   188  
133   144   145   190   189  
134   145   146   191   190  
135   146   147   192   191  
136   192   147   148   149  
137   149   150   193   192  
138   150   151   194   193  
139   151   152   195   194  
140   152   153   196   195  
141   196   153   154   155  
142   155   156   197   196  
143   156   157   198   197  
144   157   158   199   198  
145   158   159   200   199  
146   200   159   160   161  
147   161   162   201   200  
148   162   163   202   201  
149   163   164   203   202  
150   164   165   204   203  
151   165   166   205   204  
152   166   167   206   205  
153   167   168   207   206  
154   168   169   208   207  
155   169   170   209   208  
156   170   171   210   209  
157   171   172   211   210  
158   172   173   212   211  
159   212   173   174   175  
160   175   176   213   212  
161   176   177   242   213  
162   177   178   215   214  
163   178   179   216   215  
164   216   179   180   181  
165   181   182   227   216  
166   182   183   218   217  
167   183   184   219   218  
168   184   185   220   219  
169   185   186   221   220  
170   186   187   222   221  
171   187   188   223   222  
172   188   189   224   223  
173   189   190   225   224  
174   190   191   226   225  
175   226   191   192   193  
176   227   182   217   228  
177   196   197   229   195  
178   197   198   230   229  
179   198   199   231   230  
180   231   199   200   201  
181   201   202   232   231  
182   202   203   233   232  
183   203   204   234   233  
184   204   205   235   234  
185   205   206   236   235  
186   206   207   237   236  
187   207   208   238   237  
188   208   209   239   238  
189   209   210   240   239  
190   210   211   241   240  
191   241   211   212   213  
192   242   177   214   243  
193   193   194   244   226  
194   244   194   195   229  
195   229   230   245   244  
196   245   230   231   232  
197   232   233   255   245  
198   233   234   247   246  
199   234   235   248   247  
200   235   236   249   248  
201   236   237   250   249  
202   237   238   251   250  
203   238   239   252   251  
204   239   240   253   252  
205   240   241   254   253  
206   254   241   213   242  
207   255   233   246   256  
208   216   227   260   215  
209   225   226   244   245  
210   245   255   257   225  
211   242   243   258   254  
212   243   214   259   258  
213   214   215   260   259  
214   293   282   283   284  
215   261   260   227   228  
216   217   218   262   228  
217   218   219   263   262  
218   219   220   264   263  
219   220   221   265   264  
220   221   222   266   265  
221   222   223   267   266  
222   223   224   268   267  
223   268   224   225   257  
224   255   256   268   257  
225   246   247   269   256  
226   247   248   270   269  
227   248   249   271   270  
228   249   250   272   271  
229   250   251   273   272  
230   251   252   274   273  
231   252   253   275   274  
232   275   253   254   258  
233   260   261   276   259  
234   276   261   228   262  
235   262   263   277   276  
236   263   264   278   277  
237   264   265   279   278  
238   265   266   280   279  
239   266   267   281   280  
240   281   267   268   256  
241   256   269   282   281  
242   269   270   283   282  
243   270   271   284   283  
244   271   272   285   284  
245   272   273   286   285  
246   273   274   287   286  
247   274   275   288   287  
248   288   275   258   259  
249   259   276   289   288  
250   276   277   290   289  
251   277   278   291   290  
252   278   279   292   291  
253   279   280   293   292  
254   293   280   281   282  
255   289   290   287   288  
256   286   287   290   291  
257   291   292   285   286  
258   292   293   284   285 
